% Laser to Camera calibration parameters (I optim stage) 
% 22-Jan-2017 22:26:16
% 
% Transformation matrix specifies laser coordinate frame
% in the reference frame of the camera
% 
%-- Translation vector (t)
t = [ -0.198434 ; 0.016325 ; -0.091970 ]
%-- Rotation matrix (R)
R = ...
[ -0.527528  0.849467  -0.010936 ;...
  0.110569  0.055890  -0.992296 ;...
  -0.842311  -0.524673  -0.123408 ]
